I'm the main one
  0.0   0.0   0.0   0.0   0.0   0.0   0.0   0.0 
  0.0   0.0   0.0   0.0   0.0   0.0   0.0   0.0 
  0.0   0.0   0.0   0.0   0.0   0.0   0.0   0.0 
  0.0   0.0   0.0   0.0   0.0   0.0   0.0   0.0 
  0.0   0.0   0.0   0.0   0.0   0.0   0.0   0.0 
  0.0   0.0   0.0   0.0   0.0   0.0   0.0   0.0 
  0.0   0.0   0.0   0.0   0.0   0.0   0.0   0.0 
  0.0   0.0   0.0   0.0   0.0   0.0   0.0   0.0 
sizeX = 7, sizeY = 7, deltaX = 1.000000, deltaY = 1.000000
nodesX = 8, nodesY = 8
Iteration amount = 51
colPerProc = 4

100.0 100.0 100.0 100.0 100.0 100.0 100.0 100.0 
100.0   0.0   0.0   0.0   0.0   0.0   0.0 100.0 
100.0   0.0   0.0   0.0   0.0   0.0   0.0 100.0 
100.0   0.0   0.0   0.0   0.0   0.0   0.0 100.0 
100.0   0.0   0.0   0.0   0.0   0.0   0.0 100.0 
100.0   0.0   0.0   0.0   0.0   0.0   0.0 100.0 
100.0   0.0   0.0   0.0   0.0   0.0   0.0 100.0 
100.0 100.0 100.0 100.0 100.0 100.0 100.0 100.0 

100.0 100.0 100.0 100.0 100.0 100.0 100.0 100.0 
100.0  40.0  20.0  20.0  20.0  20.0  40.0 100.0 
100.0  20.0   0.0   0.0   0.0   0.0  20.0 100.0 
100.0  20.0   0.0   0.0   0.0   0.0  20.0 100.0 
100.0  20.0   0.0   0.0   0.0   0.0  20.0 100.0 
100.0  20.0   0.0   0.0   0.0   0.0  20.0 100.0 
100.0  40.0  20.0  20.0  20.0  20.0  40.0 100.0 
100.0 100.0 100.0 100.0 100.0 100.0 100.0 100.0 

100.0 100.0 100.0 100.0 100.0 100.0 100.0 100.0 
100.0  56.0  36.0  32.0  32.0  36.0  56.0 100.0 
100.0  36.0   8.0   4.0   4.0   8.0  36.0 100.0 
100.0  32.0   4.0   0.0   0.0   4.0  32.0 100.0 
100.0  32.0   4.0   0.0   0.0   4.0  32.0 100.0 
100.0  36.0   8.0   4.0   4.0   8.0  36.0 100.0 
100.0  56.0  36.0  32.0  32.0  36.0  56.0 100.0 
100.0 100.0 100.0 100.0 100.0 100.0 100.0 100.0 

100.0 100.0 100.0 100.0 100.0 100.0 100.0 100.0 
100.0  65.6  46.4  40.8  40.8  46.4  65.6 100.0 
100.0  46.4  17.6   9.6   9.6  17.6  46.4 100.0 
100.0  40.8   9.6   1.6   1.6   9.6  40.8 100.0 
100.0  40.8   9.6   1.6   1.6   9.6  40.8 100.0 
100.0  46.4  17.6   9.6   9.6  17.6  46.4 100.0 
100.0  65.6  46.4  40.8  40.8  46.4  65.6 100.0 
100.0 100.0 100.0 100.0 100.0 100.0 100.0 100.0 

100.0 100.0 100.0 100.0 100.0 100.0 100.0 100.0 
100.0  71.7  54.1  47.5  47.5  54.1  71.7 100.0 
100.0  54.1  25.9  15.8  15.8  25.9  54.1 100.0 
100.0  47.5  15.8   4.8   4.8  15.8  47.5 100.0 
100.0  47.5  15.8   4.8   4.8  15.8  47.5 100.0 
100.0  54.1  25.9  15.8  15.8  25.9  54.1 100.0 
100.0  71.7  54.1  47.5  47.5  54.1  71.7 100.0 
100.0 100.0 100.0 100.0 100.0 100.0 100.0 100.0 

100.0 100.0 100.0 100.0 100.0 100.0 100.0 100.0 
100.0  76.0  59.8  53.0  53.0  59.8  76.0 100.0 
100.0  59.8  33.2  22.0  22.0  33.2  59.8 100.0 
100.0  53.0  22.0   9.2   9.2  22.0  53.0 100.0 
100.0  53.0  22.0   9.2   9.2  22.0  53.0 100.0 
100.0  59.8  33.2  22.0  22.0  33.2  59.8 100.0 
100.0  76.0  59.8  53.0  53.0  59.8  76.0 100.0 
100.0 100.0 100.0 100.0 100.0 100.0 100.0 100.0 

100.0 100.0 100.0 100.0 100.0 100.0 100.0 100.0 
100.0  79.1  64.4  57.6  57.6  64.4  79.1 100.0 
100.0  64.4  39.4  27.9  27.9  39.4  64.4 100.0 
100.0  57.6  27.9  14.3  14.3  27.9  57.6 100.0 
100.0  57.6  27.9  14.3  14.3  27.9  57.6 100.0 
100.0  64.4  39.4  27.9  27.9  39.4  64.4 100.0 
100.0  79.1  64.4  57.6  57.6  64.4  79.1 100.0 
100.0 100.0 100.0 100.0 100.0 100.0 100.0 100.0 

100.0 100.0 100.0 100.0 100.0 100.0 100.0 100.0 
100.0  81.6  68.1  61.5  61.5  68.1  81.6 100.0 
100.0  68.1  44.8  33.4  33.4  44.8  68.1 100.0 
100.0  61.5  33.4  19.7  19.7  33.4  61.5 100.0 
100.0  61.5  33.4  19.7  19.7  33.4  61.5 100.0 
100.0  68.1  44.8  33.4  33.4  44.8  68.1 100.0 
100.0  81.6  68.1  61.5  61.5  68.1  81.6 100.0 
100.0 100.0 100.0 100.0 100.0 100.0 100.0 100.0 

100.0 100.0 100.0 100.0 100.0 100.0 100.0 100.0 
100.0  83.6  71.2  64.9  64.9  71.2  83.6 100.0 
100.0  71.2  49.5  38.6  38.6  49.5  71.2 100.0 
100.0  64.9  38.6  25.2  25.2  38.6  64.9 100.0 
100.0  64.9  38.6  25.2  25.2  38.6  64.9 100.0 
100.0  71.2  49.5  38.6  38.6  49.5  71.2 100.0 
100.0  83.6  71.2  64.9  64.9  71.2  83.6 100.0 
100.0 100.0 100.0 100.0 100.0 100.0 100.0 100.0 

100.0 100.0 100.0 100.0 100.0 100.0 100.0 100.0 
100.0  85.2  73.8  67.9  67.9  73.8  85.2 100.0 
100.0  73.8  53.8  43.3  43.3  53.8  73.8 100.0 
100.0  67.9  43.3  30.5  30.5  43.3  67.9 100.0 
100.0  67.9  43.3  30.5  30.5  43.3  67.9 100.0 
100.0  73.8  53.8  43.3  43.3  53.8  73.8 100.0 
100.0  85.2  73.8  67.9  67.9  73.8  85.2 100.0 
100.0 100.0 100.0 100.0 100.0 100.0 100.0 100.0 

100.0 100.0 100.0 100.0 100.0 100.0 100.0 100.0 
100.0  86.6  76.1  70.6  70.6  76.1  86.6 100.0 
100.0  76.1  57.6  47.8  47.8  57.6  76.1 100.0 
100.0  70.6  47.8  35.7  35.7  47.8  70.6 100.0 
100.0  70.6  47.8  35.7  35.7  47.8  70.6 100.0 
100.0  76.1  57.6  47.8  47.8  57.6  76.1 100.0 
100.0  86.6  76.1  70.6  70.6  76.1  86.6 100.0 
100.0 100.0 100.0 100.0 100.0 100.0 100.0 100.0 

100.0 100.0 100.0 100.0 100.0 100.0 100.0 100.0 
100.0  87.8  78.2  73.0  73.0  78.2  87.8 100.0 
100.0  78.2  61.1  51.9  51.9  61.1  78.2 100.0 
100.0  73.0  51.9  40.5  40.5  51.9  73.0 100.0 
100.0  73.0  51.9  40.5  40.5  51.9  73.0 100.0 
100.0  78.2  61.1  51.9  51.9  61.1  78.2 100.0 
100.0  87.8  78.2  73.0  73.0  78.2  87.8 100.0 
100.0 100.0 100.0 100.0 100.0 100.0 100.0 100.0 

100.0 100.0 100.0 100.0 100.0 100.0 100.0 100.0 
100.0  88.8  80.0  75.2  75.2  80.0  88.8 100.0 
100.0  80.0  64.3  55.7  55.7  64.3  80.0 100.0 
100.0  75.2  55.7  45.1  45.1  55.7  75.2 100.0 
100.0  75.2  55.7  45.1  45.1  55.7  75.2 100.0 
100.0  80.0  64.3  55.7  55.7  64.3  80.0 100.0 
100.0  88.8  80.0  75.2  75.2  80.0  88.8 100.0 
100.0 100.0 100.0 100.0 100.0 100.0 100.0 100.0 

100.0 100.0 100.0 100.0 100.0 100.0 100.0 100.0 
100.0  89.8  81.7  77.2  77.2  81.7  89.8 100.0 
100.0  81.7  67.1  59.2  59.2  67.1  81.7 100.0 
100.0  77.2  59.2  49.3  49.3  59.2  77.2 100.0 
100.0  77.2  59.2  49.3  49.3  59.2  77.2 100.0 
100.0  81.7  67.1  59.2  59.2  67.1  81.7 100.0 
100.0  89.8  81.7  77.2  77.2  81.7  89.8 100.0 
100.0 100.0 100.0 100.0 100.0 100.0 100.0 100.0 

100.0 100.0 100.0 100.0 100.0 100.0 100.0 100.0 
100.0  90.6  83.2  79.1  79.1  83.2  90.6 100.0 
100.0  83.2  69.8  62.4  62.4  69.8  83.2 100.0 
100.0  79.1  62.4  53.3  53.3  62.4  79.1 100.0 
100.0  79.1  62.4  53.3  53.3  62.4  79.1 100.0 
100.0  83.2  69.8  62.4  62.4  69.8  83.2 100.0 
100.0  90.6  83.2  79.1  79.1  83.2  90.6 100.0 
100.0 100.0 100.0 100.0 100.0 100.0 100.0 100.0 

100.0 100.0 100.0 100.0 100.0 100.0 100.0 100.0 
100.0  91.4  84.5  80.7  80.7  84.5  91.4 100.0 
100.0  84.5  72.2  65.4  65.4  72.2  84.5 100.0 
100.0  80.7  65.4  56.9  56.9  65.4  80.7 100.0 
100.0  80.7  65.4  56.9  56.9  65.4  80.7 100.0 
100.0  84.5  72.2  65.4  65.4  72.2  84.5 100.0 
100.0  91.4  84.5  80.7  80.7  84.5  91.4 100.0 
100.0 100.0 100.0 100.0 100.0 100.0 100.0 100.0 

100.0 100.0 100.0 100.0 100.0 100.0 100.0 100.0 
100.0  92.1  85.8  82.3  82.3  85.8  92.1 100.0 
100.0  85.8  74.4  68.1  68.1  74.4  85.8 100.0 
100.0  82.3  68.1  60.3  60.3  68.1  82.3 100.0 
100.0  82.3  68.1  60.3  60.3  68.1  82.3 100.0 
100.0  85.8  74.4  68.1  68.1  74.4  85.8 100.0 
100.0  92.1  85.8  82.3  82.3  85.8  92.1 100.0 
100.0 100.0 100.0 100.0 100.0 100.0 100.0 100.0 

100.0 100.0 100.0 100.0 100.0 100.0 100.0 100.0 
100.0  92.7  86.9  83.7  83.7  86.9  92.7 100.0 
100.0  86.9  76.4  70.6  70.6  76.4  86.9 100.0 
100.0  83.7  70.6  63.4  63.4  70.6  83.7 100.0 
100.0  83.7  70.6  63.4  63.4  70.6  83.7 100.0 
100.0  86.9  76.4  70.6  70.6  76.4  86.9 100.0 
100.0  92.7  86.9  83.7  83.7  86.9  92.7 100.0 
100.0 100.0 100.0 100.0 100.0 100.0 100.0 100.0 

100.0 100.0 100.0 100.0 100.0 100.0 100.0 100.0 
100.0  93.3  88.0  85.0  85.0  88.0  93.3 100.0 
100.0  88.0  78.3  73.0  73.0  78.3  88.0 100.0 
100.0  85.0  73.0  66.3  66.3  73.0  85.0 100.0 
100.0  85.0  73.0  66.3  66.3  73.0  85.0 100.0 
100.0  88.0  78.3  73.0  73.0  78.3  88.0 100.0 
100.0  93.3  88.0  85.0  85.0  88.0  93.3 100.0 
100.0 100.0 100.0 100.0 100.0 100.0 100.0 100.0 

100.0 100.0 100.0 100.0 100.0 100.0 100.0 100.0 
100.0  93.8  88.9  86.2  86.2  88.9  93.8 100.0 
100.0  88.9  80.0  75.1  75.1  80.0  88.9 100.0 
100.0  86.2  75.1  69.0  69.0  75.1  86.2 100.0 
100.0  86.2  75.1  69.0  69.0  75.1  86.2 100.0 
100.0  88.9  80.0  75.1  75.1  80.0  88.9 100.0 
100.0  93.8  88.9  86.2  86.2  88.9  93.8 100.0 
100.0 100.0 100.0 100.0 100.0 100.0 100.0 100.0 

100.0 100.0 100.0 100.0 100.0 100.0 100.0 100.0 
100.0  94.3  89.8  87.3  87.3  89.8  94.3 100.0 
100.0  89.8  81.6  77.1  77.1  81.6  89.8 100.0 
100.0  87.3  77.1  71.4  71.4  77.1  87.3 100.0 
100.0  87.3  77.1  71.4  71.4  77.1  87.3 100.0 
100.0  89.8  81.6  77.1  77.1  81.6  89.8 100.0 
100.0  94.3  89.8  87.3  87.3  89.8  94.3 100.0 
100.0 100.0 100.0 100.0 100.0 100.0 100.0 100.0 

100.0 100.0 100.0 100.0 100.0 100.0 100.0 100.0 
100.0  94.8  90.6  88.3  88.3  90.6  94.8 100.0 
100.0  90.6  83.1  78.9  78.9  83.1  90.6 100.0 
100.0  88.3  78.9  73.7  73.7  78.9  88.3 100.0 
100.0  88.3  78.9  73.7  73.7  78.9  88.3 100.0 
100.0  90.6  83.1  78.9  78.9  83.1  90.6 100.0 
100.0  94.8  90.6  88.3  88.3  90.6  94.8 100.0 
100.0 100.0 100.0 100.0 100.0 100.0 100.0 100.0 

100.0 100.0 100.0 100.0 100.0 100.0 100.0 100.0 
100.0  95.2  91.3  89.2  89.2  91.3  95.2 100.0 
100.0  91.3  84.4  80.6  80.6  84.4  91.3 100.0 
100.0  89.2  80.6  75.8  75.8  80.6  89.2 100.0 
100.0  89.2  80.6  75.8  75.8  80.6  89.2 100.0 
100.0  91.3  84.4  80.6  80.6  84.4  91.3 100.0 
100.0  95.2  91.3  89.2  89.2  91.3  95.2 100.0 
100.0 100.0 100.0 100.0 100.0 100.0 100.0 100.0 

100.0 100.0 100.0 100.0 100.0 100.0 100.0 100.0 
100.0  95.6  92.0  90.1  90.1  92.0  95.6 100.0 
100.0  92.0  85.6  82.1  82.1  85.6  92.0 100.0 
100.0  90.1  82.1  77.7  77.7  82.1  90.1 100.0 
100.0  90.1  82.1  77.7  77.7  82.1  90.1 100.0 
100.0  92.0  85.6  82.1  82.1  85.6  92.0 100.0 
100.0  95.6  92.0  90.1  90.1  92.0  95.6 100.0 
100.0 100.0 100.0 100.0 100.0 100.0 100.0 100.0 

100.0 100.0 100.0 100.0 100.0 100.0 100.0 100.0 
100.0  95.9  92.7  90.9  90.9  92.7  95.9 100.0 
100.0  92.7  86.8  83.5  83.5  86.8  92.7 100.0 
100.0  90.9  83.5  79.5  79.5  83.5  90.9 100.0 
100.0  90.9  83.5  79.5  79.5  83.5  90.9 100.0 
100.0  92.7  86.8  83.5  83.5  86.8  92.7 100.0 
100.0  95.9  92.7  90.9  90.9  92.7  95.9 100.0 
100.0 100.0 100.0 100.0 100.0 100.0 100.0 100.0 

100.0 100.0 100.0 100.0 100.0 100.0 100.0 100.0 
100.0  96.3  93.2  91.6  91.6  93.2  96.3 100.0 
100.0  93.2  87.8  84.8  84.8  87.8  93.2 100.0 
100.0  91.6  84.8  81.1  81.1  84.8  91.6 100.0 
100.0  91.6  84.8  81.1  81.1  84.8  91.6 100.0 
100.0  93.2  87.8  84.8  84.8  87.8  93.2 100.0 
100.0  96.3  93.2  91.6  91.6  93.2  96.3 100.0 
100.0 100.0 100.0 100.0 100.0 100.0 100.0 100.0 

100.0 100.0 100.0 100.0 100.0 100.0 100.0 100.0 
100.0  96.5  93.8  92.2  92.2  93.8  96.5 100.0 
100.0  93.8  88.8  86.0  86.0  88.8  93.8 100.0 
100.0  92.2  86.0  82.6  82.6  86.0  92.2 100.0 
100.0  92.2  86.0  82.6  82.6  86.0  92.2 100.0 
100.0  93.8  88.8  86.0  86.0  88.8  93.8 100.0 
100.0  96.5  93.8  92.2  92.2  93.8  96.5 100.0 
100.0 100.0 100.0 100.0 100.0 100.0 100.0 100.0 

100.0 100.0 100.0 100.0 100.0 100.0 100.0 100.0 
100.0  96.8  94.3  92.9  92.9  94.3  96.8 100.0 
100.0  94.3  89.7  87.1  87.1  89.7  94.3 100.0 
100.0  92.9  87.1  84.0  84.0  87.1  92.9 100.0 
100.0  92.9  87.1  84.0  84.0  87.1  92.9 100.0 
100.0  94.3  89.7  87.1  87.1  89.7  94.3 100.0 
100.0  96.8  94.3  92.9  92.9  94.3  96.8 100.0 
100.0 100.0 100.0 100.0 100.0 100.0 100.0 100.0 

100.0 100.0 100.0 100.0 100.0 100.0 100.0 100.0 
100.0  97.1  94.7  93.4  93.4  94.7  97.1 100.0 
100.0  94.7  90.5  88.2  88.2  90.5  94.7 100.0 
100.0  93.4  88.2  85.2  85.2  88.2  93.4 100.0 
100.0  93.4  88.2  85.2  85.2  88.2  93.4 100.0 
100.0  94.7  90.5  88.2  88.2  90.5  94.7 100.0 
100.0  97.1  94.7  93.4  93.4  94.7  97.1 100.0 
100.0 100.0 100.0 100.0 100.0 100.0 100.0 100.0 

100.0 100.0 100.0 100.0 100.0 100.0 100.0 100.0 
100.0  97.3  95.1  93.9  93.9  95.1  97.3 100.0 
100.0  95.1  91.3  89.1  89.1  91.3  95.1 100.0 
100.0  93.9  89.1  86.4  86.4  89.1  93.9 100.0 
100.0  93.9  89.1  86.4  86.4  89.1  93.9 100.0 
100.0  95.1  91.3  89.1  89.1  91.3  95.1 100.0 
100.0  97.3  95.1  93.9  93.9  95.1  97.3 100.0 
100.0 100.0 100.0 100.0 100.0 100.0 100.0 100.0 

100.0 100.0 100.0 100.0 100.0 100.0 100.0 100.0 
100.0  97.5  95.5  94.4  94.4  95.5  97.5 100.0 
100.0  95.5  91.9  90.0  90.0  91.9  95.5 100.0 
100.0  94.4  90.0  87.5  87.5  90.0  94.4 100.0 
100.0  94.4  90.0  87.5  87.5  90.0  94.4 100.0 
100.0  95.5  91.9  90.0  90.0  91.9  95.5 100.0 
100.0  97.5  95.5  94.4  94.4  95.5  97.5 100.0 
100.0 100.0 100.0 100.0 100.0 100.0 100.0 100.0 

100.0 100.0 100.0 100.0 100.0 100.0 100.0 100.0 
100.0  97.7  95.9  94.9  94.9  95.9  97.7 100.0 
100.0  95.9  92.6  90.8  90.8  92.6  95.9 100.0 
100.0  94.9  90.8  88.5  88.5  90.8  94.9 100.0 
100.0  94.9  90.8  88.5  88.5  90.8  94.9 100.0 
100.0  95.9  92.6  90.8  90.8  92.6  95.9 100.0 
100.0  97.7  95.9  94.9  94.9  95.9  97.7 100.0 
100.0 100.0 100.0 100.0 100.0 100.0 100.0 100.0 

100.0 100.0 100.0 100.0 100.0 100.0 100.0 100.0 
100.0  97.9  96.2  95.3  95.3  96.2  97.9 100.0 
100.0  96.2  93.2  91.5  91.5  93.2  96.2 100.0 
100.0  95.3  91.5  89.4  89.4  91.5  95.3 100.0 
100.0  95.3  91.5  89.4  89.4  91.5  95.3 100.0 
100.0  96.2  93.2  91.5  91.5  93.2  96.2 100.0 
100.0  97.9  96.2  95.3  95.3  96.2  97.9 100.0 
100.0 100.0 100.0 100.0 100.0 100.0 100.0 100.0 

100.0 100.0 100.0 100.0 100.0 100.0 100.0 100.0 
100.0  98.1  96.5  95.7  95.7  96.5  98.1 100.0 
100.0  96.5  93.7  92.2  92.2  93.7  96.5 100.0 
100.0  95.7  92.2  90.2  90.2  92.2  95.7 100.0 
100.0  95.7  92.2  90.2  90.2  92.2  95.7 100.0 
100.0  96.5  93.7  92.2  92.2  93.7  96.5 100.0 
100.0  98.1  96.5  95.7  95.7  96.5  98.1 100.0 
100.0 100.0 100.0 100.0 100.0 100.0 100.0 100.0 

100.0 100.0 100.0 100.0 100.0 100.0 100.0 100.0 
100.0  98.2  96.8  96.0  96.0  96.8  98.2 100.0 
100.0  96.8  94.2  92.8  92.8  94.2  96.8 100.0 
100.0  96.0  92.8  91.0  91.0  92.8  96.0 100.0 
100.0  96.0  92.8  91.0  91.0  92.8  96.0 100.0 
100.0  96.8  94.2  92.8  92.8  94.2  96.8 100.0 
100.0  98.2  96.8  96.0  96.0  96.8  98.2 100.0 
100.0 100.0 100.0 100.0 100.0 100.0 100.0 100.0 

100.0 100.0 100.0 100.0 100.0 100.0 100.0 100.0 
100.0  98.4  97.0  96.3  96.3  97.0  98.4 100.0 
100.0  97.0  94.7  93.4  93.4  94.7  97.0 100.0 
100.0  96.3  93.4  91.7  91.7  93.4  96.3 100.0 
100.0  96.3  93.4  91.7  91.7  93.4  96.3 100.0 
100.0  97.0  94.7  93.4  93.4  94.7  97.0 100.0 
100.0  98.4  97.0  96.3  96.3  97.0  98.4 100.0 
100.0 100.0 100.0 100.0 100.0 100.0 100.0 100.0 

100.0 100.0 100.0 100.0 100.0 100.0 100.0 100.0 
100.0  98.5  97.3  96.6  96.6  97.3  98.5 100.0 
100.0  97.3  95.1  93.9  93.9  95.1  97.3 100.0 
100.0  96.6  93.9  92.4  92.4  93.9  96.6 100.0 
100.0  96.6  93.9  92.4  92.4  93.9  96.6 100.0 
100.0  97.3  95.1  93.9  93.9  95.1  97.3 100.0 
100.0  98.5  97.3  96.6  96.6  97.3  98.5 100.0 
100.0 100.0 100.0 100.0 100.0 100.0 100.0 100.0 

100.0 100.0 100.0 100.0 100.0 100.0 100.0 100.0 
100.0  98.6  97.5  96.9  96.9  97.5  98.6 100.0 
100.0  97.5  95.5  94.4  94.4  95.5  97.5 100.0 
100.0  96.9  94.4  93.0  93.0  94.4  96.9 100.0 
100.0  96.9  94.4  93.0  93.0  94.4  96.9 100.0 
100.0  97.5  95.5  94.4  94.4  95.5  97.5 100.0 
100.0  98.6  97.5  96.9  96.9  97.5  98.6 100.0 
100.0 100.0 100.0 100.0 100.0 100.0 100.0 100.0 

100.0 100.0 100.0 100.0 100.0 100.0 100.0 100.0 
100.0  98.7  97.7  97.1  97.1  97.7  98.7 100.0 
100.0  97.7  95.8  94.8  94.8  95.8  97.7 100.0 
100.0  97.1  94.8  93.5  93.5  94.8  97.1 100.0 
100.0  97.1  94.8  93.5  93.5  94.8  97.1 100.0 
100.0  97.7  95.8  94.8  94.8  95.8  97.7 100.0 
100.0  98.7  97.7  97.1  97.1  97.7  98.7 100.0 
100.0 100.0 100.0 100.0 100.0 100.0 100.0 100.0 

100.0 100.0 100.0 100.0 100.0 100.0 100.0 100.0 
100.0  98.8  97.9  97.3  97.3  97.9  98.8 100.0 
100.0  97.9  96.2  95.2  95.2  96.2  97.9 100.0 
100.0  97.3  95.2  94.0  94.0  95.2  97.3 100.0 
100.0  97.3  95.2  94.0  94.0  95.2  97.3 100.0 
100.0  97.9  96.2  95.2  95.2  96.2  97.9 100.0 
100.0  98.8  97.9  97.3  97.3  97.9  98.8 100.0 
100.0 100.0 100.0 100.0 100.0 100.0 100.0 100.0 

100.0 100.0 100.0 100.0 100.0 100.0 100.0 100.0 
100.0  98.9  98.0  97.6  97.6  98.0  98.9 100.0 
100.0  98.0  96.5  95.6  95.6  96.5  98.0 100.0 
100.0  97.6  95.6  94.5  94.5  95.6  97.6 100.0 
100.0  97.6  95.6  94.5  94.5  95.6  97.6 100.0 
100.0  98.0  96.5  95.6  95.6  96.5  98.0 100.0 
100.0  98.9  98.0  97.6  97.6  98.0  98.9 100.0 
100.0 100.0 100.0 100.0 100.0 100.0 100.0 100.0 

100.0 100.0 100.0 100.0 100.0 100.0 100.0 100.0 
100.0  99.0  98.2  97.8  97.8  98.2  99.0 100.0 
100.0  98.2  96.8  96.0  96.0  96.8  98.2 100.0 
100.0  97.8  96.0  94.9  94.9  96.0  97.8 100.0 
100.0  97.8  96.0  94.9  94.9  96.0  97.8 100.0 
100.0  98.2  96.8  96.0  96.0  96.8  98.2 100.0 
100.0  99.0  98.2  97.8  97.8  98.2  99.0 100.0 
100.0 100.0 100.0 100.0 100.0 100.0 100.0 100.0 

100.0 100.0 100.0 100.0 100.0 100.0 100.0 100.0 
100.0  99.1  98.3  97.9  97.9  98.3  99.1 100.0 
100.0  98.3  97.0  96.3  96.3  97.0  98.3 100.0 
100.0  97.9  96.3  95.3  95.3  96.3  97.9 100.0 
100.0  97.9  96.3  95.3  95.3  96.3  97.9 100.0 
100.0  98.3  97.0  96.3  96.3  97.0  98.3 100.0 
100.0  99.1  98.3  97.9  97.9  98.3  99.1 100.0 
100.0 100.0 100.0 100.0 100.0 100.0 100.0 100.0 

100.0 100.0 100.0 100.0 100.0 100.0 100.0 100.0 
100.0  99.2  98.5  98.1  98.1  98.5  99.2 100.0 
100.0  98.5  97.2  96.6  96.6  97.2  98.5 100.0 
100.0  98.1  96.6  95.7  95.7  96.6  98.1 100.0 
100.0  98.1  96.6  95.7  95.7  96.6  98.1 100.0 
100.0  98.5  97.2  96.6  96.6  97.2  98.5 100.0 
100.0  99.2  98.5  98.1  98.1  98.5  99.2 100.0 
100.0 100.0 100.0 100.0 100.0 100.0 100.0 100.0 

100.0 100.0 100.0 100.0 100.0 100.0 100.0 100.0 
100.0  99.2  98.6  98.2  98.2  98.6  99.2 100.0 
100.0  98.6  97.5  96.8  96.8  97.5  98.6 100.0 
100.0  98.2  96.8  96.1  96.1  96.8  98.2 100.0 
100.0  98.2  96.8  96.1  96.1  96.8  98.2 100.0 
100.0  98.6  97.5  96.8  96.8  97.5  98.6 100.0 
100.0  99.2  98.6  98.2  98.2  98.6  99.2 100.0 
100.0 100.0 100.0 100.0 100.0 100.0 100.0 100.0 

100.0 100.0 100.0 100.0 100.0 100.0 100.0 100.0 
100.0  99.3  98.7  98.4  98.4  98.7  99.3 100.0 
100.0  98.7  97.7  97.1  97.1  97.7  98.7 100.0 
100.0  98.4  97.1  96.4  96.4  97.1  98.4 100.0 
100.0  98.4  97.1  96.4  96.4  97.1  98.4 100.0 
100.0  98.7  97.7  97.1  97.1  97.7  98.7 100.0 
100.0  99.3  98.7  98.4  98.4  98.7  99.3 100.0 
100.0 100.0 100.0 100.0 100.0 100.0 100.0 100.0 

100.0 100.0 100.0 100.0 100.0 100.0 100.0 100.0 
100.0  99.3  98.8  98.5  98.5  98.8  99.3 100.0 
100.0  98.8  97.9  97.3  97.3  97.9  98.8 100.0 
100.0  98.5  97.3  96.7  96.7  97.3  98.5 100.0 
100.0  98.5  97.3  96.7  96.7  97.3  98.5 100.0 
100.0  98.8  97.9  97.3  97.3  97.9  98.8 100.0 
100.0  99.3  98.8  98.5  98.5  98.8  99.3 100.0 
100.0 100.0 100.0 100.0 100.0 100.0 100.0 100.0 

100.0 100.0 100.0 100.0 100.0 100.0 100.0 100.0 
100.0  99.4  98.9  98.6  98.6  98.9  99.4 100.0 
100.0  98.9  98.0  97.5  97.5  98.0  98.9 100.0 
100.0  98.6  97.5  96.9  96.9  97.5  98.6 100.0 
100.0  98.6  97.5  96.9  96.9  97.5  98.6 100.0 
100.0  98.9  98.0  97.5  97.5  98.0  98.9 100.0 
100.0  99.4  98.9  98.6  98.6  98.9  99.4 100.0 
100.0 100.0 100.0 100.0 100.0 100.0 100.0 100.0 

100.0 100.0 100.0 100.0 100.0 100.0 100.0 100.0 
100.0  99.4  99.0  98.7  98.7  99.0  99.4 100.0 
100.0  99.0  98.2  97.7  97.7  98.2  99.0 100.0 
100.0  98.7  97.7  97.2  97.2  97.7  98.7 100.0 
100.0  98.7  97.7  97.2  97.2  97.7  98.7 100.0 
100.0  99.0  98.2  97.7  97.7  98.2  99.0 100.0 
100.0  99.4  99.0  98.7  98.7  99.0  99.4 100.0 
100.0 100.0 100.0 100.0 100.0 100.0 100.0 100.0 

100.0 100.0 100.0 100.0 100.0 100.0 100.0 100.0 
100.0  99.5  99.1  98.8  98.8  99.1  99.5 100.0 
100.0  99.1  98.3  97.9  97.9  98.3  99.1 100.0 
100.0  98.8  97.9  97.4  97.4  97.9  98.8 100.0 
100.0  98.8  97.9  97.4  97.4  97.9  98.8 100.0 
100.0  99.1  98.3  97.9  97.9  98.3  99.1 100.0 
100.0  99.5  99.1  98.8  98.8  99.1  99.5 100.0 
100.0 100.0 100.0 100.0 100.0 100.0 100.0 100.0 

100.0 100.0 100.0 100.0 100.0 100.0 100.0 100.0 
100.0  99.5  99.1  98.9  98.9  99.1  99.5 100.0 
100.0  99.1  98.5  98.1  98.1  98.5  99.1 100.0 
100.0  98.9  98.1  97.6  97.6  98.1  98.9 100.0 
100.0  98.9  98.1  97.6  97.6  98.1  98.9 100.0 
100.0  99.1  98.5  98.1  98.1  98.5  99.1 100.0 
100.0  99.5  99.1  98.9  98.9  99.1  99.5 100.0 
100.0 100.0 100.0 100.0 100.0 100.0 100.0 100.0 
